72
337
2115
2811
2693
1630
439
553
1335
1987
300
1117
746
462
1287
82
743
1182
107
690
1982
67
2714
2665
2087
1039
847
742
500
2699
1286
1338
280
891
1603
2421
2205
2224
334
1795
701
103
238
1660
1985
830
2753
930
705
1639
1465
433
1185
1412
504
2820
1005
229
336
1103
73
911
652
212
310
132
601
231
1525
2125
1737
1085
535
130
2642
1805
717
843
81
2765
83
2915
2367
2756
50
340
1198
733
423
59
249
121
156
1034
703
76
1796
15
202
30
1024
259
1258
1195
2447
952
2126
846
2723
1439
1271
222
1411
116
747
708
1401
467
2643
1194
122
1199
123
2218
21
221
125
1231
2666
1984
2528
14
2807
1063
264
849
2065
129
301
2294
1440
2420
234
1237
831
1676
330
1200
1637
899
470
1806
2715
774
1285
2415
2790
1223
115
1145
442
1261
1674
776
699
2123
765
1414
33
1233
204
917
2146
713
1044
710
1681
712
608
57
418
1153
1882
154
1561
1236
696
609
465
2673
695
1671
278
1545
16
1217
85
209
312
2
20
17
339
653
698
722
163
80
1208
1568
1276
935
927
1061
528
1399
1119
1002
213
1360
426
688
1088
598
1035
2560
1679
925
991
997
2072
2958
1348
444
2446
99
2088
1393
2701
720
223
430
723
751
476
256
428
255
1124
101
719
2581
503
437
875
353
1257
1873
1272
471
1431
1003
1683
2792
425
74
2989
2356
2357
35
78
98
1653
1560
768
1331
44
2563
1682
2761
716
1638
61
2686
48
141
2360
2727
102
1229
606
24
215
287
978
454
2124
262
571
136
232
1007
1437
36
2109
66
2562
2901
988
543
835
1368
2564
1226
2509
570
46
1656
1256
2842
829
2584
2964
1
918
526
775
1395
2119
1197
1151
1429
2781
2118
980
511
421
771
520
2702
135
1018
1184
1577
1180
951
118
478
539
2573
1270
96
704
159
1284
210
487
2073
1567
2848
842
1861
1832
714
1515
1566
1786
412
2056
1507
1149
2720
468
28
2832
272
79
1121
26
2903
58
1196
1047
871
1986
1684
1392
1497
18
86
217
2361
2697
767
558
542
845
1698
697
214
1501
49
1357
693
13
2957
650
308
552
709
233
1274
2359
1809
2707
909
984
2130
2719
689
694
2758
578
266
2090
1611
2117
1810
1853
1962
450
691
999
2110
220
431
2724
147
2751
1370
575
335
32
827
416
700
1238
1355
1264
75
519
218
588
2823
164
1692
216
413
527
2966
868
1689
2089
2822
2574
474
986
27
1062
1263
1280
2894
34
2281
461
257
84
143
38
1330
1486
1519
2786
1690
239
915
1278
923
1224
1691
702
1397
2799
1426
1807
1617
1665
1239
1129
766
1001
1240
1033
60
158
1096
1213
2572
2757
1028
290
2234
306
1667
1077
203
521
1670
1369
727
1267
2510
1794
1019
1147
808
1678
1518
1290
939
1649
309
1023
405
1658
1079
1512
2796
1427
2728
856
1502
452
3009
2752
311
1227
328
938
466
1799
230
2526
1800
2780
561
1043
749
892
2116
279
2921
718
137
411
850
770
2740
522
995
2128
77
593
1394
1992
963
1675
2868
3010
1279
236
1242
2280
572
2158
1048
2086
243
1031
341
1703
2718
47
29
455
2967
1209
1029
1030
2079
929
424
1097
1210
31
2155
39
1650
148
1367
1000
495
562
844
1400
2465
501
1341
711
924
745
1680
1041
1701
346
2700
333
1358
1225
1026
1128
1057
1428
2567
1146
2742
732
904
1699
1666
43
284
764
2630
912
2750
1655
1803
1574
2763
95
1150
921
1610
1867
2107
1201
2427
438
2655
144
1860
1234
2569
1090
313
1887
2464
2523
2963
463
2726
2394
480
1640
2537
1700
592
826
1659
1963
744
2813
1622
2854
1004
2722
2785
1134
1183
1697
2806
52
600
420
329
1298
2944
748
1232
646
87
1804
801
559
605
544
237
1221
258
706
1540
1135
127
286
663
987
25
1565
1152
1451
2416
2071
153
729
104
88
436
1579
1764
2706
1744
2083
497
1241
937
1618
1266
1463
2997
874
1235
1441
2795
1102
964
969
1288
1086
1101
2782
1329
53
1642
1116
728
162
828
2685
2631
338
2334
1268
910
2629
2372
451
534
1006
483
2438
2259
1025
2540
1050
2114
113
1148
996
2527
422
599
736
545
730
962
1490
1289
1449
435
565
2804
1254
1060
1978
965
97
643
1265
560
538
1808
757
1779
1510
2809
852
2387
1040
806
2106
1300
1283
1657
2084
1492
1273
1143
2654
2998
734
2743
475
1664
1042
2867
37
2829
557
133
502
1334
1114
432
591
834
932
1961
832
155
2529
2793
1275
2561
2821
2324
1346
1098
1496
1702
895
2729
994
2085
512
958
1123
1371
789
1563
1269
55
919
1087
114
731
224
282
1983
523
289
1410
2251
71
2712
1792
1181
321
2653
968
905
320
1529
174
1168
1156
1894
283
1384
2774
414
2378
1390
45
1387
51
2507
1333
2888
1374
1379
1164
2474
1228
41
2314
903
2403
1550
761
1754
1139
943
1161
1403
1740
950
1755
888
1107
5
2869
2887
1190
2975
2607
1167
1942
449
177
2031
541
726
2019
2375
241
1914
367
173
1120
2398
176
2745
1761
138
897
1386
922
180
2159
491
150
2503
1784
323
2231
175
205
7
2670
2022
1344
933
1248
2317
529
64
1458
2471
1977
178
2771
2551
1064
1758
1177
1489
2313
563
1945
6
1554
1943
2862
1959
166
619
1460
2871
2674
1170
326
1964
1169
485
568
2576
1074
254
244
1470
2343
2932
2597
2552
1753
151
1580
65
2870
848
265
2827
2285
2603
1171
152
1189
2312
2469
181
1118
2520
1513
2316
1968
1109
1469
2363
2684
1385
1099
1721
1756
2773
2861
2974
2873
1160
2850
325
993
1325
597
896
42
2249
2481
1969
1157
992
2318
1378
1106
1388
2857
305
1110
1966
1944
357
2767
1757
638
2052
1953
1713
1837
1383
2855
1457
2039
890
2577
1759
2472
1375
2355
94
2776
1373
1564
1140
2522
692
1934
1432
189
447
2266
2596
1178
492
40
655
2579
2770
1089
493
2716
100
2319
2262
1163
1663
124
941
1014
179
1376
1957
1743
498
1059
2457
2362
1377
228
2611
2605
1162
1436
1188
1762
2708
884
2825
1459
327
1296
2973
1971
3004
10
2417
253
2672
1165
604
641
2327
1543
1562
1071
2837
1072
1191
869
2470
2331
2856
1402
906
347
1382
1027
594
299
8
2284
2834
2424
2408
1141
2506
1472
11
440
739
2032
1447
2858
1155
961
1869
446
654
2406
2315
898
2634
1975
2484
294
2532
2917
2050
956
2826
2396
524
1994
1760
2038
1645
4
2769
356
2602
879
1092
1364
1158
182
1972
1468
1391
946
184
445
331
160
2872
2828
1533
1174
240
1821
499
959
242
1362
1917
1166
1937
2996
3003
1516
1555
1634
1108
291
2913
1219
1281
2213
3005
1767
2042
448
1138
149
2671
2675
295
276
2473
2810
2746
1192
2376
3
2426
285
944
1480
2578
2029
595
2601
1993
1311
277
417
1353
2460
1572
293
942
2379
169
2775
9
2499
1532
2230
3006
1866
2349
2608
139
1911
1733
1946
112
1736
1514
1535
486
441
269
1389
626
1262
2502
2518
1979
2409
2260
880
920
1625
1646
324
2606
2658
582
2272
1612
434
2405
779
707
517
583
1319
2131
537
800
854
1222
637
168
410
2448
1725
554
1309
2099
1620
2783
2120
1669
1802
409
2999
1438
343
861
1282
1173
364
368
1343
2982
2614
1595
1069
22
1848
684
1575
1817
2101
715
2736
484
2689
2143
960
2833
1380
981
740
1336
998
2311
2824
110
2550
2358
1409
1901
2078
350
841
1430
2248
2291
628
157
170
2060
227
525
1517
2737
725
1834
2946
795
1230
1539
1827
617
2713
1816
902
1216
380
1339
145
120
2374
1913
738
1538
2914
1186
2103
1075
1825
2485
579
348
2453
864
2942
1070
532
358
2517
19
1381
2443
665
2104
2762
1243
2450
1631
1548
2189
760
833
1868
2927
735
989
1706
2542
131
2500
1302
172
1927
660
2058
2779
1893
1349
226
1820
1320
2929
1874
2800
1918
1356
494
2553
2347
381
2696
1956
659
2269
2047
2279
1903
1332
1976
2749
146
2431
303
2840
623
1694
117
611
1727
2738
2747
948
627
496
1354
1372
741
2074
469
332
1891
1855
2539
859
2941
219
2062
1246
1890
1919
1084
2081
1054
2939
1965
1104
682
2436
1967
1863
389
2680
1317
2895
1340
822
820
1137
2147
1838
1294
1621
2622
1537
106
108
1720
556
1895
12
111
354
825
1546
105
2277
1783
2132
89
759
2486
2995
2139
2972
1398
1842
1327
2803
1142
1995
792
225
1456
2637
250
1511
2171
1926
839
1466
1073
2626
400
1499
1433
2261
2341
2141
1500
207
780
762
1923
2268
2024
1607
603
1105
2144
855
390
681
2299
322
2511
93
2663
2984
657
629
2755
1606
2440
955
791
945
1301
2916
62
1883
3001
1569
1032
840
2692
540
193
1091
531
928
2623
2161
246
1859
2798
1310
2940
1202
1424
777
1193
1843
1127
574
2148
821
2339
1872
931
273
2345
2778
796
2444
2962
624
2137
1452
375
1841
2340
1778
2651
2504
2337
2652
1828
355
1898
602
1571
530
1542
384
1416
2659
2310
674
1654
1707
990
1337
807
247
2549
966
1345
1520
1884
2063
1826
2075
860
1132
396
616
1316
936
2586
1467
1065
2831
453
2695
2664
2615
427
1774
2342
349
2682
2393
1455
1038
1785
2112
2772
385
2885
2274
2226
304
1815
352
569
2632
940
1536
2814
401
803
2919
518
754
2600
2221
362
773
1775
857
2691
54
2884
251
208
267
589
2435
1326
1078
683
1641
1793
1746
1253
2983
894
2190
473
344
2889
1833
2016
811
1504
2006
2054
2937
2451
673
459
2466
1627
1632
2228
2434
2423
687
2432
1418
2245
2350
816
2002
555
288
1527
2008
2194
2669
2429
458
2935
2030
590
2568
2172
1313
2100
724
752
1552
769
2986
2835
2173
1342
2225
2136
1958
2001
1717
1218
677
1312
1916
1291
1093
2784
1751
2241
1585
398
2013
1596
1154
134
2348
2012
1214
1406
392
1862
2902
972
2193
2192
971
2183
614
1858
1598
245
1408
1506
1948
2953
1889
1204
274
883
1476
2025
2802
393
1549
2677
2369
851
2801
1719
386
1252
1318
2482
901
2679
2165
2407
1593
2687
1909
161
1921
2524
1716
2787
1461
973
877
1601
1133
2216
1960
1766
1628
1308
1505
2533
1605
2836
371
671
2565
2681
1413
1908
2200
1206
1324
1396
2839
1991
2204
580
2198
1423
625
1770
2616
721
2985
2028
2301
596
2174
56
2948
275
1849
2243
1488
2458
2991
1407
388
2017
2589
658
2309
2595
2930
1448
2648
2441
2175
2264
1998
2992
685
317
1220
2816
2191
2181
2033
2454
2253
607
1714
1768
1352
1159
1844
109
2978
2177
2184
1366
1749
1587
315
1905
1949
618
812
630
2007
2182
1251
675
1255
2211
1359
1551
1947
408
1990
1996
2257
2252
2102
1935
1765
954
2587
2418
2969
2593
1453
1244
1462
1247
1940
2777
586
1435
1304
2513
976
1303
1830
1777
610
2625
2005
2077
2768
2397
1788
667
2815
1081
464
985
186
2258
1782
1076
2305
2188
2010
69
2255
737
1747
2990
2048
656
2981
645
183
395
1016
2748
1175
1973
2223
1347
974
3000
2993
126
621
1864
815
1475
1696
818
508
1951
2167
2055
669
1847
2153
2487
2108
2880
576
342
2955
2026
1306
443
814
870
1015
1728
1912
1583
1643
1557
1570
2430
1422
2635
2045
1582
1730
2988
365
2920
1420
2306
402
1925
200
140
2661
584
1854
2592
913
866
1624
2947
314
2490
281
2865
319
1742
872
1526
2459
1648
2479
782
2979
2732
651
2449
2874
2133
1321
2730
2667
2898
798
1450
2575
1425
198
1144
1212
2557
377
934
1434
1205
1851
2633
1446
2881
2733
2896
644
1292
2908
2676
908
1479
302
2390
1528
612
1483
2547
1718
1614
2456
1931
1970
2476
2475
1787
2296
2497
1597
2610
1297
2583
2322
2233
2519
2760
2883
817
2877
1491
2538
292
2703
2656
1495
2617
2445
2323
2559
1831
1652
1738
70
983
2619
2662
1037
1616
679
914
1328
1705
197
1750
1745
634
1829
2493
885
647
2344
1629
2910
1068
2819
2422
581
2864
1573
1307
2462
1299
2594
858
1444
206
2401
235
1293
2508
1523
1112
2395
2571
1305
2739
1524
2238
2121
1421
2352
2157
1892
2925
1113
1544
460
2846
1941
2892
661
296
2410
2690
1010
510
248
1058
2647
2370
547
1781
587
516
664
2731
878
2580
361
2365
1365
1066
514
2849
2514
2841
2330
1443
1464
2977
1856
1531
2838
2909
805
2546
1082
2945
2710
2535
2478
2704
2912
2536
824
391
1508
2650
1179
2325
887
2399
1176
490
472
787
2541
2439
1619
185
2380
2308
784
2558
2035
1095
536
2491
2388
1780
2876
2585
2566
1126
2628
567
670
1724
2169
1576
1955
1739
268
23
399
2878
975
387
636
640
1471
2534
298
1886
1731
2283
1928
1295
1734
2959
1712
2582
2186
1187
1249
2866
373
982
1547
2237
270
613
297
394
165
1130
886
2338
456
813
2931
90
1907
2020
506
2961
2236
781
1534
957
853
2304
2246
370
372
2604
2754
1277
2599
949
2215
1080
1115
1314
2501
2498
881
680
1888
907
2788
2554
2051
1672
2860
1939
2220
252
2040
2207
2185
947
366
2543
2377
318
2494
1836
2046
889
63
2152
2516
2154
263
2229
1578
797
1929
2968
2041
2609
1474
2668
2452
2678
345
509
1609
1013
585
2208
1952
3002
2812
1419
457
2371
1207
1211
307
2037
1752
2882
2003
1498
2201
648
2467
772
1454
2531
2934
2156
1604
2023
882
668
2138
2222
1644
1553
2530
2951
1487
758
1776
916
783
1938
2437
1997
1871
1626
2232
2250
1477
2265
3007
819
1906
2212
2496
1954
1915
1100
1493
2202
2794
2425
68
1729
2303
1974
1046
2613
1613
676
2239
2525
2987
979
378
1315
2588
977
2725
507
2455
794
2195
2068
639
2463
316
1846
2366
477
2954
515
1932
953
1936
1615
2994
2489
2018
1845
2151
2764
2067
810
1920
2419
397
2468
1741
2307
1478
2163
2936
793
382
1748
2368
900
2845
2495
2004
642
2302
1559
631
1647
2721
678
505
1530
2179
2227
649
967
2021
2711
1484
867
1723
2122
1415
635
2906
1322
1055
2206
488
2891
2328
376
1589
2717
1522
2971
199
1801
1673
481
1812
2391
2649
2354
2413
1924
1083
2385
2766
2142
2320
546
1051
1980
1590
873
2789
632
2808
2364
1711
2282
865
1797
2698
1693
2897
1878
2093
2428
564
838
2278
190
2326
2383
1591
2965
1509
195
1608
2392
1594
2818
2129
1558
686
2166
2386
1600
1687
1541
1922
1136
2911
573
1876
2744
1989
1405
672
2442
374
876
2244
1053
2412
1020
1245
1592
167
1351
1203
479
1685
1067
2092
2098
2644
2263
2329
2598
836
2053
2298
2853
1769
2976
360
1350
1772
2893
171
1556
404
1094
2863
620
2187
2332
2140
1404
1473
1361
1813
2219
1988
2645
2335
1879
1584
2830
1688
415
2400
2980
1880
2242
2061
2938
2904
1259
2660
1008
2036
2843
2797
403
1811
2521
2275
271
2070
2097
201
862
2333
2290
187
406
1902
2353
1260
2064
753
1442
1131
2636
666
2907
2178
2624
1773
2287
female
male
2091
419
2817
1930
2015
383
804
2923
261
2544
1695
2203
2512
1726
893
2480
756
1668
2160
1735
1036
2168
1899
662
2705
1122
622
763
863
1910
188
2240
2492
1011
1445
1933
2933
2918
2612
119
2389
2735
1881
363
1677
1215
2300
2210
1950
1363
837
407
1017
196
2847
1704
1877
1635
1885
1052
1732
2879
1633
2548
533
2875
1875
1623
788
2069
2960
2414
2199
566
142
2384
1482
2011
2570
1798
2556
799
2922
2276
192
1790
1485
2433
1835
2113
790
2627
548
2135
482
2639
785
2235
2196
2034
577
2886
2590
1250
1636
1651
2066
194
1049
2009
2082
91
1715
615
2292
2970
260
2734
2402
755
1896
1521
2176
2000
1897
1818
2027
92
2900
2709
2791
2267
2545
1494
2351
2805
2851
489
351
2080
2924
1172
926
2950
2461
1840
369
1586
2127
1599
1588
2214
1021
2404
1999
211
2943
191
1022
2254
2094
2411
2014
2164
2217
1900
2859
2289
551
1824
2759
2149
2620
2209
1125
1481
2640
2321
2134
379
1045
2477
1904
2096
2373
2949
1814
778
7
331
733
2780
467
2861
74
1167
1331
1977
134
1699
728
38
1368
77
2913
1152
33
1195
2964
2529
413
2079
1035
829
896
238
1667
1370
1232
135
906
1233
2417
2220
1387
1985
709
85
346
999
2746
923
2856
39
326
2634
1119
101
2775
996
254
324
1029
534
1106
428
905
41
561
335
8
333
451
78
1532
2116
138
1071
895
920
1987
746
776
2361
2745
84
325
1155
476
215
11
79
94
257
1986
338
305
2284
253
2363
5
1275
1159
2528
16
2117
163
2887
2527
1284
747
241
745
1860
12
2635
1157
3
330
2207
210
1257
1059
1064
136
1240
1239
1198
2673
1258
1004
2700
343
638
2653
528
258
2119
1000
749
2118
2787
1501
240
1196
1369
495
592
729
2502
15
890
340
524
744
2285
557
1140
154
714
441
2858
1759
2857
1228
499
511
43
713
716
1206
1288
535
610
99
997
76
830
2554
1076
523
1025
1238
822
491
1672
1385
1199
218
2974
252
2654
2829
2579
437
654
1263
1378
233
214
2850
559
3009
2337
734
147
2748
148
228
2356
2526
1414
1273
30
972
958
204
1165
2107
2294
1502
2506
1164
1276
1006
1516
1139
2441
224
1388
2776
975
1283
426
598
994
1572
2562
45
156
255
1389
1842
1766
976
2052
1379
2362
1097
1264
1116
53
1039
833
571
832
1390
1681
470
1181
485
472
1271
2100
179
2319
1168
974
59
1268
1362
1682
97
2967
1428
1465
995
1821
2782
1734
912
1151
1386
1123
1639
2773
595
1640
1665
2862
1270
1692
739
299
1121
66
1072
1765
599
3005
1267
2917
2975
433
2019
1074
1472
503
1204
65
98
1340
1205
952
1653
1375
1277
1638
2697
1169
2072
868
726
1571
2224
1156
2416
575
2788
1081
2786
2073
1429
17
848
463
168
174
1762
1042
209
173
1103
2973
2941
619
1002
106
436
1684
51
1535
614
989
2873
1761
1280
718
306
3003
2784
1110
959
985
121
1043
1427
1007
96
1274
1272
2262
1220
2888
1200
1760
641
356
1796
2474
1163
1304
1733
1475
1795
1227
1911
2642
1117
656
2317
2339
782
52
2699
771
1088
178
1160
1154
1150
2481
1241
924
58
282
1383
334
708
2777
984
591
418
2997
1148
2376
1266
1391
357
1382
411
2424
1335
203
337
2889
1033
1377
1001
259
130
844
768
1376
1161
2471
1384
572
697
1223
162
414
227
869
904
1701
1031
2394
1290
1551
1171
1178
1757
2563
1235
1141
1334
942
311
1689
1170
1400
328
1096
2629
1547
1265
949
2083
1563
834
2720
565
889
522
286
1108
698
10
283
521
2870
1005
1187
1696
83
133
652
412
423
2665
710
2608
568
1944
445
50
1664
2465
2029
843
767
543
655
1627
770
730
1700
2573
181
1991
242
1917
1714
212
176
600
1436
2747
541
1754
61
139
1642
962
202
1242
1424
1261
234
925
732
2860
700
2115
1399
132
175
2158
216
13
1680
149
416
151
2501
217
1533
712
327
1231
2230
213
9
2674
2023
2283
932
1943
2522
1087
336
1560
742
2702
1041
1003
2314
439
590
323
606
63
828
1525
1866
601
563
2820
1459
1120
604
475
2726
2470
1964
1691
456
2552
1666
1637
1679
2560
471
1488
560
1946
1740
1236
4
1555
1697
1942
1182
438
1958
341
704
618
104
1114
2738
1458
422
1567
1194
1197
232
2872
717
31
2670
922
2701
329
1972
2085
576
1412
25
775
256
2572
2577
1138
1566
1683
609
1861
291
1471
857
2930
1743
910
72
1225
2596
1792
2551
1514
492
1579
22
2871
1968
2338
236
60
266
2826
1344
1177
939
1143
2601
1153
558
265
425
992
748
2355
903
1234
2472
2561
1030
466
993
2484
1115
2494
2756
1393
1289
967
1634
2359
2686
152
28
229
1118
2828
1678
1201
1580
1109
1719
1543
2774
1519
907
731
1209
1101
2315
1133
205
309
344
18
2998
963
1324
2771
2553
75
141
1565
529
2809
1296
2253
1804
1330
430
1256
35
29
1269
1034
1373
431
2957
339
237
448
1625
874
1397
137
1698
1975
2447
831
1162
347
2768
1562
1333
1758
100
313
2046
1955
765
2822
2280
2655
2231
588
36
2781
1622
1460
103
2867
421
1224
2038
1338
280
2578
1869
1086
1286
432
21
2125
1364
2124
2357
1982
2126
1545
1248
2722
2185
1480
184
553
424
743
1394
1969
1457
965
2750
917
1712
911
2728
449
2261
919
2595
107
223
160
2855
2
2464
231
2666
487
155
40
150
706
2312
2715
711
2327
2602
2252
2114
1437
446
943
1015
486
2123
37
1374
875
26
2460
1658
2821
2677
519
417
703
288
2606
1185
2397
691
2706
279
1237
883
594
1788
32
42
57
766
3006
6
2131
251
2675
230
937
1166
597
751
1837
114
1357
1447
2685
640
1279
1402
420
2108
1564
1070
1099
1610
1663
2835
1073
493
944
2407
2751
722
2084
1107
458
2473
1690
435
1645
1568
73
95
1023
2770
2426
2510
2406
727
2754
898
498
1470
2532
2869
1489
1281
692
2071
1145
1180
124
153
1507
2313
897
562
1040
409
1018
67
1966
552
465
603
177
1561
293
71
1984
440
2517
1513
957
122
1287
2377
2360
1061
1993
34
2643
2039
278
1646
2576
1894
180
303
290
653
881
1093
186
447
116
947
189
1367
14
159
1784
1439
1799
1044
1229
1221
1175
1089
452
1060
761
158
1914
405
2040
1285
497
2823
650
1939
3004
850
520
1515
1554
1102
1468
1518
1371
244
1426
2050
921
81
542
2211
1737
102
2396
1534
2043
871
165
2669
988
294
274
310
880
1529
1676
80
2630
1219
455
2159
1432
2030
86
2718
2868
275
1994
20
918
1408
2611
570
1254
2533
1183
1983
1570
764
813
295
2518
608
1527
2568
1346
1867
1252
2438
2031
1496
845
2348
2854
2607
2457
88
2574
366
82
1945
1497
301
2507
1538
268
2727
625
2672
1226
688
1749
2499
1978
2075
1794
353
879
1311
991
2807
2605
462
1247
1313
584
1218
2446
2408
399
556
1321
1420
539
395
853
1158
2958
933
701
1255
2106
694
1724
555
1325
769
946
1810
1398
2996
1441
2281
2544
2837
851
699
1805
2427
2086
1174
183
93
292
2963
1656
1847
685
2834
657
1577
442
2631
1134
2742
1434
1295
332
961
111
2825
2961
696
2767
1505
2077
2243
1413
630
2503
1347
526
2769
1833
812
393
2167
538
1540
1469
1670
2714
23
379
2087
2379
1959
2915
1191
2102
289
1927
1873
1461
884
459
1440
2758
867
2810
1366
2921
270
1348
841
667
2334
2763
27
2449
1768
2188
219
847
1372
1356
2931
736
774
702
2152
1660
2785
70
454
1925
1595
1188
1587
1464
888
1506
2802
1916
123
1359
500
2350
607
1596
2051
1445
1808
951
1962
127
1222
1967
2752
2432
2839
626
322
118
1725
2832
1092
950
628
248
2128
502
509
1742
2421
1858
46
2538
2939
501
1510
220
1416
1244
1024
1889
1909
1085
2088
469
2937
243
2902
221
1614
1862
385
2679
1319
2614
1019
2959
170
842
930
131
806
2409
2349
358
110
1721
1495
113
1345
1781
318
724
2969
1401
1844
998
2804
389
434
2792
1392
2172
2625
397
1243
1435
342
1854
146
2146
1921
1598
1
1028
964
2032
2090
24
2806
69
801
762
369
927
846
682
1444
1358
2842
1077
245
2662
659
1605
2587
1355
2234
956
2827
1303
1674
64
1192
1184
596
3000
143
2712
1650
527
277
1299
1659
545
1963
2236
741
909
1603
489
2378
408
1395
1396
1337
2799
443
690
1702
401
1129
2711
2403
2932
1508
2772
2796
1612
2216
721
1542
373
56
2757
1453
1777
1214
1423
49
354
2724
1504
705
1809
1713
2065
2316
675
1648
2089
1807
808
1628
968
1747
1582
661
1328
1403
1931
827
1467
605
544
1135
1318
938
2753
473
317
2154
2616
1539
2901
157
144
1780
2398
720
1655
48
1618
276
2894
2225
1251
348
464
941
2816
2153
474
752
2603
208
1549
856
1017
1723
269
899
665
1314
1262
1450
1806
1063
125
1065
1620
902
840
1952
735
1834
637
2017
814
2986
1898
773
2007
2055
777
894
2938
2212
1617
672
1455
225
578
737
2895
1774
321
615
1530
1352
477
2433
1830
1341
686
2431
2059
2255
2341
2933
1511
818
2003
689
2024
1104
2009
1630
2195
1409
1027
2109
1891
2428
1613
2953
740
1609
2171
1741
1850
1912
1553
2658
2927
145
2139
753
1548
1578
2120
2987
979
2191
2833
758
2175
792
1517
990
2226
1995
1938
1763
1536
870
639
1913
187
2037
68
1726
262
2002
2442
2272
398
2444
772
676
2660
2310
1918
977
1735
1090
2783
2944
2239
484
1329
307
1827
1886
781
2448
1380
2423
362
1559
2014
2269
621
44
2013
2651
2928
264
793
1863
468
2194
2193
1055
2593
1349
370
2184
1278
611
1776
1855
2268
2511
2725
820
1874
2636
2954
750
1890
660
272
811
1835
1438
1981
1604
1474
2026
2800
795
2260
1775
1903
981
2367
2721
860
1720
788
877
1466
1309
1316
2483
1940
900
2680
2163
2405
2749
1899
2688
2604
1919
2926
1922
384
2525
725
2791
1717
1825
260
2995
1641
3002
2599
1839
2267
1419
2495
2217
2372
1124
1671
1961
2274
1306
1901
1430
2458
1606
2530
372
2277
669
1575
1013
2291
1910
759
2564
2201
2717
2789
1859
960
2840
1973
2808
2418
2205
873
2199
2504
2047
623
1771
2137
2104
54
2452
2994
1816
239
2303
1883
2173
2949
1846
2248
2301
1487
2463
2671
169
2985
164
789
1215
1992
2018
2588
2713
1213
865
1779
1818
1312
2228
2160
2649
1928
2524
2885
2219
2176
838
2513
2263
1999
684
355
1332
2813
2192
2537
2182
2250
2695
2174
2878
2127
1843
108
580
2178
2265
533
1752
1746
1893
2271
1906
1948
616
2041
2946
629
2008
2183
1815
2498
673
2161
1929
1643
1997
2147
2258
2103
1936
953
1915
2567
2419
2971
1193
1841
1246
1739
461
835
2343
2082
2694
2392
349
585
1433
1301
2936
2515
2911
2170
2942
126
1207
2755
2186
1832
683
1778
2609
2626
2006
2078
658
2622
2062
2132
1819
1786
1294
666
388
916
2899
2632
987
1476
1602
2259
450
2307
2943
2794
2189
1405
2144
2011
1728
803
199
2254
1632
1520
19
2980
1454
1904
643
364
799
1217
810
360
1478
2054
836
2215
783
2060
3001
2151
2968
620
1865
719
816
515
819
507
1950
2069
2682
2166
298
2056
668
1848
1706
1694
2488
574
2140
2956
2027
815
1729
2420
1920
1249
1748
1885
2467
392
117
825
1884
247
429
1764
1710
1320
1250
2305
1900
1022
1924
2385
823
2960
2521
2907
1853
1008
2335
2292
2293
2080
864
2639
2414
2295
1801
802
566
1509
2830
1685
2540
2451
109
1125
757
1052
1463
1322
2645
2852
1361
2340
2897
797
2435
1083
573
2092
2275
2273
482
1211
376
1875
271
1686
1245
1687
546
809
1353
2880
112
2058
2354
1291
119
1011
2094
2817
2412
2818
1840
2454
2070
1930
2297
2853
631
2644
2187
2843
837
2847
2698
1588
2142
1823
2523
1021
1053
404
1649
2598
297
2122
876
1326
1615
1654
2096
564
678
2064
2036
2805
863
1744
635
1253
646
1067
966
2093
2663
1876
2940
1300
182
779
2364
1926
2684
2300
1662
2844
862
1661
195
2237
504
201
2918
1814
2411
1350
92
2129
2893
1009
1094
249
1688
1880
804
2095
2891
2689
1521
1769
2384
1051
167
2624
2982
1989
854
2369
1586
2320
1404
1772
2391
663
2413
2328
479
2900
1879
1522
1797
1045
2848
2693
2214
2386
1585
1260
1080
2707
2168
1675
390
1988
2859
2326
1136
2105
2851
531
1111
1558
2053
2286
1259
1600
1591
2145
2375
2276
2282
1711
406
1594
2099
2332
1887
2400
2387
1541
2242
2584
2906
171
2333
1026
403
62
2445
2550
2229
2453
281
800
537
2112
352
934
2945
2803
2610
936
760
617
2311
1302
140
1954
1069
2141
2374
1544
624
581
1941
693
2668
1282
1038
1644
2482
518
674
1037
267
1173
2580
1512
1526
1965
2487
410
1343
1137
1537
273
1974
738
2074
2592
1956
1100
226
2358
2143
1216
2531
1531
2896
1046
2548
1831
955
577
554
525
1569
647
780
2881
1079
1105
971
2798
402
1621
2760
2972
2733
931
367
1381
602
2824
1202
2347
786
1054
2535
1339
634
2999
715
1142
1049
263
2508
861
188
2600
2536
350
302
2232
671
644
1068
1084
2081
1132
1456
2345
1730
2156
1431
427
304
1230
89
2814
494
1479
587
569
2882
2690
2486
940
2393
540
2929
1410
319
1144
651
2962
2779
1631
1793
1485
1546
1186
2439
2583
2485
1802
2440
460
1297
1310
2594
2898
496
794
361
1619
2566
2819
583
1483
2514
2321
375
2227
1425
2664
1836
2920
316
2218
882
193
1828
1727
928
1750
1491
612
296
622
457
798
670
1829
2519
1449
687
707
1179
908
453
1127
885
1626
2879
2919
387
120
1406
887
250
1718
579
2831
2637
2459
1798
2762
185
796
1669
858
778
1056
2366
2734
1292
1336
2558
866
855
926
314
2306
1075
2549
2245
1315
371
914
2696
377
1635
1838
1528
2585
1305
1573
2692
2678
200
2575
2597
2425
2615
1354
1032
948
2213
1078
2342
973
1633
2500
2764
627
817
1851
872
1091
784
2496
878
530
2557
2737
2571
679
2422
222
308
2740
723
2765
1047
512
891
1048
1490
1057
892
2155
444
852
2324
478
986
2795
2466
1908
929
1298
2681
2866
1486
978
935
300
1208
2415
1888
1767
2264
1611
2570
1882
2516
1130
1422
1411
2581
2021
1451
1736
1947
2048
954
129
2020
1146
980
480
1484
87
2716
287
1210
1462
2430
2130
1360
1979
1704
483
1782
886
1576
1990
2743
1751
1050
2793
2110
1482
2582
1342
2022
115
2534
1128
2966
2989
649
1492
2565
582
1574
915
1407
826
506
320
508
2210
3010
1657
312
166
284
849
695
2719
285
2903
2761
2790
1062
1800
47
2811
2708
1703
969
593
2723
2729
2318
1190
859
2520
2836
2331
2169
394
2042
1907
2815
2165
586
2206
1953
1308
1452
1499
2200
2543
1557
2028
2221
2801
982
636
2950
2309
400
2257
2012
1996
396
207
2469
2434
315
2005
2004
1905
2249
1323
2981
1494
2569
1016
677
2241
1957
2197
1937
1949
1934
2000
2001
2589
1731
2429
2067
55
2648
1849
1014
645
2204
1933
1935
2136
1971
2066
807
1550
2180
2251
2016
378
901
1552
680
1716
632
2266
613
2177
2157
2641
1307
2619
2586
1817
2556
1421
1789
2908
1327
419
2841
2559
1623
2542
567
2479
1787
2612
1095
2308
1601
1058
2390
2650
2541
2344
2892
2475
1523
1677
2652
2886
2709
2935
1126
633
2512
2640
2865
2402
551
1365
2302
681
945
142
983
1597
2325
791
2382
206
517
1112
2304
2618
2590
821
2034
1652
1892
2111
192
2296
391
1593
1607
2657
1896
1923
1317
1624
2914
2876
2381
549
2912
2812
1082
2988
2443
2547
2845
1616
642
2947
2849
194
2491
196
547
2336
490
1738
2883
365
1481
2371
3008
2628
2035
2490
172
2555
2330
662
913
2667
2617
1010
2925
2732
1708
1066
2505
1629
1895
2370
2238
2687
1636
2591
2134
2323
536
1293
2627
1705
2399
2351
2909
2148
2710
514
2388
2322
2661
1443
2846
2676
1446
589
2545
516
2546
1498
754
2436
1493
2955
2179
1036
1113
664
407
550
2203
2647
351
2450
805
2190
1707
2492
2121
755
2076
1998
1722
2493
839
1980
1951
2202
785
2984
2223
2299
648
2222
1351
1693
1189
2289
2164
2778
2934
190
2287
2864
2279
1932
1122
1647
198
2863
1745
2278
1785
2646
2703
1970
1856
1583
382
893
1820
2389
2365
2691
532
1852
386
1770
1448
368
2659
2010
2240
345
1877
2380
2916
2874
3007
2741
2736
2404
2045
2290
197
763
1673
2455
2395
2233
2539
510
2270
2235
2044
1418
1417
374
1503
161
1473
2656
1845
1897
1131
1872
1695
261
1599
2731
513
2246
2049
1581
1773
2730
790
1715
2063
2705
2877
2461
2196
1857
2683
2329
2101
415
756
2621
2704
2410
2437
105
1442
1902
90
1811
363
1363
1608
2477
246
1212
2098
1790
481
2208
505
1556
1822
2401
2138
2149
787
380
2135
2965
1881
2744
2922
2948
